 1  soyb       1    25.0    10.0   120.0   115.0   110.0   105.0   100.0
 2  corn       1    25.0     8.0   120.0   110.0   100.0    90.0
 3  grsg       1    27.5    10.0   110.0   105.0   100.0    95.0
 4  wwht       2    15.0      .0   110.0   100.0      .0
 5  swht       1    15.0      .0   110.0   105.0
 6  dwht       1    15.0      .0   110.0   105.0
 7  barl       1    15.0      .0   105.0   100.0
 8  oats       1    15.0      .0   105.0   100.0
 9  sunf       1    25.0     6.0   100.0   110.0   100.0    90.0
10  cots       1    27.5    10.0   150.0
11  cotp       1    27.5    10.0   150.0
12  pnut       1    25.0    13.5   145.0   130.0   120.0   110.0    95.0
13  rice       1    25.0    10.0   180.0   160.0   140.0   120.0
14  pota       1    24.0     7.0   120.0    90.0
15  wpea       1    14.0     1.0    85.0
16  len1       1    14.0     1.0    85.0
17  sghy       1    27.5    10.0    85.0
18  alfa       1    20.0     4.0   100.0    80.0
19  rnge       1    25.0     8.0   130.0   100.0    90.0
20  spas       1    25.0     8.0    60.0 
21  wpas       2    15.0      .0    90.0
22  pine       1    20.0     2.0
23  berm       1    20.0     4.0   100.0    80.0
24  rye        1    15.0     0.0    60.0
25  wetl       1    25.0    10.0   180.0   160.0   140.0   120.0
26  agrl       1    25.0     8.0   120.0   110.0   100.0    90.0
27  past       1    25.0     8.0   130.0   100.0    90.0
28  frst       1    20.0     8.0   365.0
29  watr       1    25.0    10.0   180.0   160.0   140.0   120.0
30  urbn       1    20.0     8.0   365.0   
31  rngb       1    25.0     8.0   130.0   100.0    90.0
32  wetn       1    25.0    10.0   180.0   160.0   140.0   120.0
33  wetf       1    25.0     8.0   180.0   160.0   140.0   120.0
34  frsd       1    20.0     8.0   365.0
35  frse       1    20.0     2.0   365.0
36   hay       1    20.0     4.0   100.0    80.0
37  orcd       1    30.0    10.0   365.0
38  aspr       1    25.0     8.0   120.0   110.0   100.0    90.0
39  broc       1    25.0     8.0   120.0   110.0   100.0    90.0
40  cabg       1    25.0     8.0   120.0   110.0   100.0    90.0
41  cauf       1    25.0     8.0   120.0   110.0   100.0    90.0
42  celr       1    25.0     8.0   120.0   110.0   100.0    90.0
43  lett       1    25.0     8.0   120.0   110.0   100.0    90.0
44  olet       1    25.0     8.0   120.0   110.0   100.0    90.0
45  onio       1    25.0     8.0   120.0   110.0   100.0    90.0
46  sbgt       1    25.0     8.0   120.0   110.0   100.0    90.0
47  grbn       1    25.0     8.0   120.0   110.0   100.0    90.0
48  lima       1    25.0     8.0   120.0   110.0   100.0    90.0
49  peas       1    25.0     8.0   120.0   110.0   100.0    90.0
50  cucm       1    25.0     8.0   120.0   110.0   100.0    90.0
51  eggp       1    25.0     8.0   120.0   110.0   100.0    90.0
52  cant       1    25.0     8.0   120.0   110.0   100.0    90.0
53  hmel       1    25.0     8.0   120.0   110.0   100.0    90.0
54  wmel       1    25.0     8.0   120.0   110.0   100.0    90.0
55  pepr       1    25.0     8.0   120.0   110.0   100.0    90.0
56  strw       1    25.0     8.0   120.0   110.0   100.0    90.0
57  toma       1    25.0     8.0   120.0   110.0   100.0    90.0
58  sugc       1    25.0     8.0   120.0   110.0   100.0    90.0
59  spcl       1    25.0     8.0   120.0   110.0   100.0    90.0
60  agrr       1    25.0     8.0   120.0   110.0   100.0    90.0
61  agrc       2    15.0      .0   110.0   100.0      .0
62  swrn       1    25.0    12.0    60.0
63  csil       1    25.0     8.0   110.0   100.0    90.0    80.0    70.0
64  scrn       1    24.0    12.0   100.0    90.0    80.0    70.0    65.0
65  egam       1    25.0    12.0    80.0  
66  jhgr       1    30.0    11.0    60.0
67  pmil       1    30.0    10.0   105.0   100.0    95.0    85.0
68  timo       1    25.0     8.0    60.0
69  bros       1    25.0     8.0    60.0
70  brom       1    25.0     6.0    60.0
71  fesc       1    15.0     0.0    60.0
72  blug       1    25.0    12.0    60.0
73  cwgr       1    25.0     6.0    60.0
74  wwgr       1    25.0     6.0    60.0
75  swgr       1    25.0     8.0    60.0
76  ryeg       1    18.0     0.0    60.0
77  ryer       1    15.0     0.0    60.0
78  ryea       1    15.0     0.0    60.0
79  side       1    25.0    12.0    70.0
80  bbls       1    25.0    12.0    75.0
81  lbls       1    25.0    12.0    70.0
82  swch       1    25.0    12.0   115.0
83  indn       1    25.0    12.0    75.0
84  clvs       1    15.0     1.0   275.0
85  clvr       1    15.0     1.0   245.0
86  clva       1    15.0     1.0   245.0
87  cwps       1    28.0    14.0    85.0    65.0
88  mung       1    30.0    15.0    70.0    60.0
89  lima       1    26.0    18.0    88.0    78.0
90  lent       1    20.0     3.0    75.0    65.0
91  fpea       1    15.0     1.0    75.0    56.0
92  sesb       1    25.0    10.0   200.0
93  flax       1    22.5     5.0   143.0   100.0    90.0
94  tobc       1    25.0    10.0   130.0    70.0
95  sgbt       1    18.0     4.0   140.0   125.0
96  spot       1    24.0    14.0   150.0   120.0
97  crrt       1    24.0     7.0    95.0
98  canp       1    21.0     5.0   105.0 
99  cana       1    21.0     5.0    95.0
100 spin       1    24.0     4.0    45.0    37.0
101 appl       1    20.0     7.0   120.0         
102 pine       1    30.0     0.0   200.0   200.0
103 oak        1    30.0    10.0   200.0
104 popl       1    30.0    10.0   200.0
105 mesq       1    30.0    10.0   200.0   130.0